432,708 -> 432,160
579,594 -> 579,448
351,791 -> 351,595
520,836 -> 564,880
30,443 -> 666,443
868,157 -> 563,157
112,186 -> 853,927
493,387 -> 456,424
846,165 -> 160,165
811,805 -> 292,805
454,333 -> 885,333
32,407 -> 32,933
907,590 -> 368,51
117,904 -> 375,904
913,145 -> 913,798
245,402 -> 245,755
855,910 -> 427,482
677,252 -> 189,252
65,30 -> 956,921
808,114 -> 808,76
62,946 -> 92,946
478,756 -> 581,756
387,812 -> 495,812
197,606 -> 413,390
173,640 -> 515,640
456,26 -> 456,345
888,69 -> 888,436
157,959 -> 824,959
832,519 -> 43,519
891,258 -> 660,258
929,176 -> 815,176
309,893 -> 309,831
841,825 -> 914,825
168,260 -> 168,389
264,969 -> 763,969
527,553 -> 118,962
251,413 -> 228,413
163,759 -> 550,759
776,650 -> 914,650
178,99 -> 887,808
368,92 -> 646,92
705,583 -> 394,583
547,278 -> 597,328
24,941 -> 264,941
599,588 -> 597,588
308,668 -> 308,369
462,335 -> 462,251
109,343 -> 594,343
928,980 -> 727,980
955,955 -> 100,100
655,716 -> 688,716
797,64 -> 354,64
100,633 -> 100,39
639,757 -> 630,757
22,962 -> 878,106
236,687 -> 130,687
117,881 -> 404,881
590,334 -> 590,984
864,888 -> 864,126
648,164 -> 396,164
749,446 -> 191,446
41,973 -> 955,59
247,725 -> 193,725
736,136 -> 736,545
919,33 -> 122,830
66,986 -> 735,317
262,989 -> 262,440
25,86 -> 59,86
329,151 -> 953,151
387,105 -> 310,105
216,197 -> 307,106
568,574 -> 681,574
982,801 -> 982,853
965,606 -> 634,606
901,854 -> 72,25
875,278 -> 569,584
500,240 -> 355,240
790,448 -> 438,96
922,863 -> 559,863
772,727 -> 129,84
25,11 -> 897,883
568,609 -> 318,859
876,875 -> 453,452
181,471 -> 544,834
323,377 -> 655,377
418,20 -> 418,963
449,392 -> 401,440
601,958 -> 296,653
527,343 -> 519,343
763,328 -> 290,328
889,262 -> 499,262
390,478 -> 879,478
298,764 -> 25,764
753,86 -> 40,799
311,350 -> 353,350
132,817 -> 504,817
34,121 -> 837,924
535,27 -> 535,539
932,257 -> 932,983
44,833 -> 596,833
